date,name,g,cal,carb,prota,protv,fib,sf,muf,puf,vA,vB1,vB2,vB3,vB5,vB6,vB9folate,vB12,vC,vD,vE,vK,Mn,Mg,P,K,Ca,Se,Cu,Fe,Zn

230127.13,remolacha,50,22.5,  5. ,  0. ,  0. ,  1. ,  0. ,  0. ,  0. ,  0. ,  0. ,  0. ,  0. ,  0. ,  0. , 10. ,  0. ,  3. ,  0. ,  0. ,  0. , 13. ,  3. ,  0. ,  4.5,  0. ,  0. ,  2. ,  2. ,  0. 
230114.13,brocoli,100, 35.,   7.,   0.,   0.,   3.,   0.,   0.,   0.,  31.,   0.,   0.,   0.,   0.,  10.,  27.,   0., 108.,   0.,   0., 176.,  10.,   0.,   0.,   8.,   0.,   0.,   0.,   0.,   0.
230114.13,huevo,240,343.2  ,   1.728,  28.8  ,   0.   ,   0.   ,   9.6  ,  12.   ,   4.8  ,  36.   ,   0.   ,  72.   ,   0.   ,  38.4  ,  19.2  ,  31.2  ,  55.2  ,   0.   ,  21.6  ,   0.   ,   0.   ,   0.   ,   0.   ,  50.4  ,   0.   ,   0.   , 117.6  ,   0.   ,  26.4  ,   0.   
230114.13,puerro,1000,300.,  80.,   0.,   0.,  10.,   0.,   0.,   0., 160.,   0.,   0.,   0.,   0.,  60.,  60.,   0.,  70.,   0.,   0., 320., 120.,   0.,   0.,   0.,   0.,   0.,   0.,  60.,   0.
230114.13,manzana,200,100.,  20.,   0.,   0.,   6.,   0.,   0.,   0.,   2.,   0.,   4.,   0.,   0.,   4.,   0.,   0.,  16.,   0.,   0.,   6.,   4.,   0.,   0.,   6.,   0.,   0.,   0.,   0.,   0.
230114.19,batata,200,150.,  36.,   0.,   0.,   6.,   0.,   0.,   0., 630.,   0.,   0.,   0.,  12.,  16.,   0.,   0.,  42.,   0.,  10.,   0.,  26.,   0.,   0.,  14.,   0.,   0.,   0.,   0.,   0.
230114.19,rabano,500, 75.,  20.,   0.,   0.,  10.,   0.,   0.,   0.,   0.,   0.,   0.,   0.,   0.,  20.,  30.,   0., 125.,   0.,   0.,   0.,  15.,   0.,   0.,  35.,   0.,   0.,  15.,   0.,  10.
230120.13,caju,100,575.,  31.,   0.,  16.,   3.,   9.,  27.,   8.,   0.,   0.,   0.,   0.,   0.,   0.,   0.,   0.,   0.,   0.,   0.,  43.,  41.,  65.,  49.,  16.,   0.,  17., 111.,  33.,  37.
230120.13,almendra,240,1380. ,   50.4,    0. ,   50.4,   28.8,    9.6,   74.4,   28.8,    0. ,    0. ,  144. ,    0. ,    0. ,    0. ,    0. ,    0. ,    0. ,    0. ,  314.4,    0. ,  273.6,  160.8,  115.2,   48. ,    0. ,    0. ,  120. ,   50.4,   50.4
230120.13,zapallo_anco,1000, 400.,    0.,    0.,    0.,   30.,    0.,    0.,    0., 2230.,    0.,    0.,    0.,    0.,   60.,    0.,    0.,  250.,    0.,   60.,    0.,   90.,   70.,    0.,   80.,    0.,    0.,    0.,    0.,    0.
230120.19,papa,200,170.,  40.,   0.,   0.,   4.,   0.,   0.,   0.,   0.,  14.,   0.,  14.,   0.,  30.,   0.,   0.,  44.,   0.,   0.,   0.,  14.,   0.,   0.,  22.,   0.,   0.,  18.,   0.,   0.
230120.19,pollo_pechuga,200,300.,   0.,  50.,   0.,   0.,   2.,   2.,   2.,   0.,   0.,   0., 138.,   0.,  60.,   0.,  12.,   0.,   0.,   0.,   0.,   0.,  14.,  46.,  14.,   0.,  78.,   0.,  12.,  14.
230120.19,rucula,500,125.,  20.,   0.,   0.,  10.,   0.,   0.,   0., 235.,   0.,   0.,   0.,   0.,   0., 120.,   0., 125.,   0.,   0., 680.,  80.,  60.,   0.,   0.,  80.,   0.,   0.,   0.,   0.
230122.13,pepino,100,15.,  4.,  0.,  0.,  1.,  0.,  0.,  0.,  0.,  0.,  0.,  0.,  3.,  0.,  0.,  0.,  5.,  0.,  0., 21.,  4.,  3.,  0.,  4.,  0.,  0.,  2.,  0.,  0.
230122.13,leche_lasuipachence_ml,240,96.  , 11.28,  7.2 ,  0.  ,  0.  ,  1.44,  0.  ,  0.  , 48.  ,  0.  ,  0.  ,  0.  ,  0.  ,  0.  ,  0.  ,  0.  , 96.  , 96.  ,  0.  ,  0.  ,  0.  ,  0.  ,  0.  ,  0.  ,  0.  ,  0.  ,  0.  ,  0.  ,  0.  
230122.13,papa,1000,850., 200.,   0.,   0.,  20.,   0.,   0.,   0.,   0.,  70.,   0.,  70.,   0., 150.,   0.,   0., 220.,   0.,   0.,   0.,  70.,   0.,   0., 110.,   0.,   0.,  90.,   0.,   0.
230122.13,ajo,200,300.,  66.,   0.,   0.,   4.,   0.,   0.,   0.,   0.,   0.,   0.,   0.,   0., 124.,   0.,   0., 104.,   0.,   0.,   0., 168.,   0.,  30.,   0.,  36.,  40.,  30.,   0.,   0.
230122.13,arroz_gallo_oro,200,664., 152.,   0.,  14.,   2.,   0.,   0.,   0.,   0.,   0.,   0.,   0.,   0.,   0.,   0.,   0.,   0.,   0.,   0.,   0.,   0.,   0.,   0.,   0.,   0.,   0.,   0.,   0.,   0.
230122.13,rabano,500, 75.,  20.,   0.,   0.,  10.,   0.,   0.,   0.,   0.,   0.,   0.,   0.,   0.,  20.,  30.,   0., 125.,   0.,   0.,   0.,  15.,   0.,   0.,  35.,   0.,   0.,  15.,   0.,  10.
230121.19,tomate,100,20.,  0.,  0.,  0.,  1.,  0.,  0.,  0., 17.,  0.,  0.,  0.,  0.,  4.,  4.,  0., 21.,  0.,  0., 10.,  6.,  0.,  0.,  0.,  0.,  0.,  0.,  0.,  0.
230121.19,zanahoria,240, 84. ,  19.2,   0. ,   0. ,   7.2,   0. ,   0. ,   0. , 818.4,   0. ,   0. ,   0. ,   0. ,  19.2,   0. ,   0. ,  14.4,   0. ,  12. ,  40.8,  19.2,   0. ,   0. ,  16.8,   0. ,   0. ,   0. ,   0. ,   0. 
230121.19,carne_vaca,1000,2880.,    0.,  260.,    0.,    0.,   10.,    0.,    0.,    0.,    0.,    0.,  350.,    0.,  280.,    0., 1700.,    0.,    0.,    0.,    0.,    0.,   50.,   90.,   90.,    0.,  410.,    0.,   90.,  430.
230121.19,papa,200,170.,  40.,   0.,   0.,   4.,   0.,   0.,   0.,   0.,  14.,   0.,  14.,   0.,  30.,   0.,   0.,  44.,   0.,   0.,   0.,  14.,   0.,   0.,  22.,   0.,   0.,  18.,   0.,   0.
230121.19,lechuga_francesa,200, 30.,   6.,   0.,   0.,   4.,   0.,   0.,   0., 348.,   0.,   0.,   0.,   0.,   0.,  68.,   0.,  80.,   0.,   0.,   0.,  16.,   0.,   0.,  14.,   0.,   0.,   0.,  10.,   0.
230121.19,remolacha,500,225.,  50.,   0.,   0.,  10.,   0.,   0.,   0.,   0.,   0.,   0.,   0.,   0.,   0., 100.,   0.,  30.,   0.,   0.,   0., 130.,  30.,   0.,  45.,   0.,   0.,  20.,  20.,   0.
